0.000625 1 0 1 2.5
0.0025 0.5 0 0.5 1.25
0.005625 0.333333333333333 0 0.333333333333333 0.833333333333333
0.01 0.25 0 0.25 0.625
0.015625 0.2 0 0.2 0.5
0.0225 0.166666666666667 0 0.166666666666667 0.416666666666667
0.030625 0.142857142857143 0 0.142857142857143 0.357142857142857
0.04 0.125 0 0.125 0.3125
0.050625 0.111111111111111 0 0.111111111111111 0.277777777777778
0.0625 0.1 0 0.1 0.25
0.075625 0.090909090909091 0 0.090909090909091 0.227272727272727
0.09 0.0833333333333333 0 0.0833333333333333 0.208333333333333
0.105625 0.076923076923077 0 0.076923076923077 0.192307692307692
0.1225 0.0714285714285713 0 0.0714285714285713 0.178571428571428
0.140625 0.0666666666666667 0 0.0666666666666667 0.166666666666667
0.16 0.0625000000000001 0 0.0625000000000001 0.15625
0.180625 0.0588235294117646 0 0.0588235294117646 0.147058823529411
0.2025 0.0555555555555556 0 0.0555555555555556 0.138888888888889
0.225625 0.0526315789473685 0 0.0526315789473685 0.131578947368421
0.25 0.0499999999999999 0 0.0499999999999999 0.125
0.275625 0.0476190476190477 0 0.0476190476190477 0.119047619047619
0.3025 0.0454545454545455 0 0.0454545454545455 0.113636363636364
0.330625 0.0434782608695651 0 0.0434782608695651 0.108695652173913
0.36 0.0416666666666667 0 0.0416666666666667 0.104166666666667
0.390625 0.04 0 0.04 0.1
0.4225 0.0384615384615385 0 0.0384615384615385 0.0961538461538462
0.455625 0.0370370370370371 0 0.0370370370370371 0.0925925925925927
0.49 0.0357142857142856 0 0.0357142857142856 0.0892857142857139
0.525625 0.0344827586206897 0 0.0344827586206897 0.0862068965517242
0.5625 0.0333333333333334 0 0.0333333333333334 0.0833333333333334
0.600625 0.0322580645161291 0 0.0322580645161291 0.0806451612903226
0.64 0.03125 0 0.03125 0.0781250000000001
0.680625 0.0303030303030303 0 0.0303030303030303 0.0757575757575758
0.7225 0.0294117647058822 0 0.0294117647058822 0.0735294117647056
0.765625 0.0285714285714286 0 0.0285714285714286 0.0714285714285715
0.81 0.0277777777777778 0 0.0277777777777778 0.0694444444444445
0.855625 0.0270270270270271 0 0.0270270270270271 0.0675675675675676
0.9025 0.0263157894736842 0 0.0263157894736842 0.0657894736842106
0.950625 0.0256410256410257 0 0.0256410256410257 0.0641025641025642
1 0.025 0 0.025 0.0625000000000001
1.050625 0.0243902439024389 0 0.0243902439024389 0.0609756097560973
1.1025 0.0238095238095238 0 0.0238095238095238 0.0595238095238096
1.155625 0.0232558139534884 0 0.0232558139534884 0.058139534883721
1.21 0.0227272727272727 0 0.0227272727272727 0.0568181818181819
1.265625 0.0222222222222222 0 0.0222222222222222 0.0555555555555556
1.3225 0.0217391304347826 0 0.0217391304347826 0.0543478260869566
1.380625 0.0212765957446808 0 0.0212765957446808 0.0531914893617019
1.44 0.0208333333333334 0 0.0208333333333334 0.0520833333333334
1.500625 0.0204081632653061 0 0.0204081632653061 0.0510204081632654
1.5625 0.02 0 0.02 0.05
1.625625 0.0196078431372549 0 0.0196078431372549 0.0490196078431373
1.69 0.0192307692307692 0 0.0192307692307692 0.0480769230769231
1.755625 0.0188679245283019 0 0.0188679245283019 0.0471698113207548
1.8225 0.0185185185185185 0 0.0185185185185185 0.0462962962962963
1.890625 0.0181818181818182 0 0.0181818181818182 0.0454545454545455
1.96 0.0178571428571427 0 0.0178571428571427 0.0446428571428567
2.030625 0.0175438596491228 0 0.0175438596491228 0.0438596491228071
2.1025 0.0172413793103448 0 0.0172413793103448 0.0431034482758621
2.175625 0.0169491525423729 0 0.0169491525423729 0.0423728813559322
2.25 0.0166666666666667 0 0.0166666666666667 0.0416666666666667
2.325625 0.0163934426229508 0 0.0163934426229508 0.0409836065573771
2.4025 0.0161290322580645 0 0.0161290322580645 0.0403225806451613
2.480625 0.0158730158730159 0 0.0158730158730159 0.0396825396825397
2.56 0.015625 0 0.015625 0.0390625
2.640625 0.0153846153846154 0 0.0153846153846154 0.0384615384615385
2.7225 0.0151515151515152 0 0.0151515151515152 0.0378787878787879
2.805625 0.0149253731343284 0 0.0149253731343284 0.0373134328358209
2.89 0.0147058823529412 0 0.0147058823529412 0.036764705882353
2.975625 0.0144927536231883 0 0.0144927536231883 0.0362318840579706
3.0625 0.0142857142857143 0 0.0142857142857143 0.0357142857142857
3.150625 0.0140845070422535 0 0.0140845070422535 0.0352112676056338
3.24 0.0138888888888889 0 0.0138888888888889 0.0347222222222223
3.330625 0.0136986301369863 0 0.0136986301369863 0.0342465753424658
3.4225 0.0135135135135135 0 0.0135135135135135 0.0337837837837838
3.515625 0.0133333333333333 0 0.0133333333333333 0.0333333333333334
3.61 0.0131578947368421 0 0.0131578947368421 0.0328947368421053
3.705625 0.012987012987013 0 0.012987012987013 0.0324675324675325
3.8025 0.0128205128205128 0 0.0128205128205128 0.0320512820512821
3.900625 0.0126582278481013 0 0.0126582278481013 0.0316455696202532
4 0.0125 0 0.0125 0.03125
4.100625 0.0123456790123456 0 0.0123456790123456 0.0308641975308639
4.2025 0.0121951219512195 0 0.0121951219512195 0.0304878048780488
4.305625 0.0120481927710843 0 0.0120481927710843 0.0301204819277109
4.41 0.0119047619047619 0 0.0119047619047619 0.0297619047619048
4.515625 0.011764705882353 0 0.011764705882353 0.0294117647058824
4.6225 0.0116279069767442 0 0.0116279069767442 0.0290697674418605
4.730625 0.0114942528735632 0 0.0114942528735632 0.0287356321839081
4.84 0.0113636363636364 0 0.0113636363636364 0.0284090909090909
4.950625 0.0112359550561798 0 0.0112359550561798 0.0280898876404495
5.0625 0.0111111111111111 0 0.0111111111111111 0.0277777777777778
5.175625 0.010989010989011 0 0.010989010989011 0.0274725274725275
5.29 0.0108695652173913 0 0.0108695652173913 0.0271739130434783
5.405625 0.010752688172043 0 0.010752688172043 0.0268817204301075
5.5225 0.0106382978723403 0 0.0106382978723403 0.0265957446808508
5.640625 0.0105263157894737 0 0.0105263157894737 0.0263157894736842
5.76 0.0104166666666667 0 0.0104166666666667 0.0260416666666667
5.880625 0.0103092783505155 0 0.0103092783505155 0.0257731958762887
6.0025 0.0102040816326531 0 0.0102040816326531 0.0255102040816327
6.125625 0.0101010101010101 0 0.0101010101010101 0.0252525252525253
6.25 0.0099999999999999 0 0.0099999999999999 0.0249999999999997
6.375625 0.00990099009900991 0 0.00990099009900991 0.0247524752475248
6.5025 0.00980392156862746 0 0.00980392156862746 0.0245098039215687
6.630625 0.00970873786407768 0 0.00970873786407768 0.0242718446601942
6.76 0.00961538461538463 0 0.00961538461538463 0.0240384615384616
6.890625 0.00952380952380953 0 0.00952380952380953 0.0238095238095238
7.0225 0.00943396226415095 0 0.00943396226415095 0.0235849056603774
7.155625 0.00934579439252337 0 0.00934579439252337 0.0233644859813084
7.29 0.00925925925925927 0 0.00925925925925927 0.0231481481481482
7.425625 0.00917431192660551 0 0.00917431192660551 0.0229357798165138
7.5625 0.0090909090909091 0 0.0090909090909091 0.0227272727272727
7.700625 0.00900900900900902 0 0.00900900900900902 0.0225225225225225
7.84 0.00892857142857144 0 0.00892857142857144 0.0223214285714286
7.980625 0.0088495575221239 0 0.0088495575221239 0.0221238938053098
8.1225 0.00877192982456141 0 0.00877192982456141 0.0219298245614035
8.265625 0.00869565217391305 0 0.00869565217391305 0.0217391304347826
8.41 0.00862068965517242 0 0.00862068965517242 0.0215517241379311
8.555625 0.00854700854700855 0 0.00854700854700855 0.0213675213675214
8.7025 0.00847457627118645 0 0.00847457627118645 0.0211864406779661
8.850625 0.00840336134453782 0 0.00840336134453782 0.0210084033613446
9 0.00833333333333334 0 0.00833333333333334 0.0208333333333334
9.150625 0.00826446280991736 0 0.00826446280991736 0.0206611570247934
9.3025 0.00819672131147542 0 0.00819672131147542 0.0204918032786885
9.455625 0.00813008130081302 0 0.00813008130081302 0.0203252032520325
9.61 0.00806451612903226 0 0.00806451612903226 0.0201612903225807
9.765625 0.00799999999999983 0 0.00799999999999983 0.0199999999999996
9.9225 0.00793650793650794 0 0.00793650793650794 0.0198412698412699
10.080625 0.0078740157480315 0 0.0078740157480315 0.0196850393700788
10.24 0.00781250000000001 0 0.00781250000000001 0.01953125
10.400625 0.00775193798449613 0 0.00775193798449613 0.0193798449612403
10.5625 0.0076923076923077 0 0.0076923076923077 0.0192307692307692
10.725625 0.00763358778625955 0 0.00763358778625955 0.0190839694656489
10.89 0.00757575757575758 0 0.00757575757575758 0.018939393939394
11.055625 0.00751879699248121 0 0.00751879699248121 0.018796992481203
11.2225 0.00746268656716419 0 0.00746268656716419 0.0186567164179105
11.390625 0.00740740740740741 0 0.00740740740740741 0.0185185185185185
11.56 0.0073529411764706 0 0.0073529411764706 0.0183823529411765
11.730625 0.00729927007299271 0 0.00729927007299271 0.0182481751824818
11.9025 0.00724637681159421 0 0.00724637681159421 0.0181159420289855
12.075625 0.00719424460431655 0 0.00719424460431655 0.0179856115107914
12.25 0.00714285714285715 0 0.00714285714285715 0.0178571428571429
12.425625 0.00709219858156029 0 0.00709219858156029 0.0177304964539007
12.6025 0.00704225352112677 0 0.00704225352112677 0.0176056338028169
12.780625 0.006993006993007 0 0.006993006993007 0.0174825174825175
12.96 0.00694444444444445 0 0.00694444444444445 0.0173611111111111
13.140625 0.00689655172413794 0 0.00689655172413794 0.0172413793103448
13.3225 0.00684931506849316 0 0.00684931506849316 0.0171232876712329
13.505625 0.00680272108843538 0 0.00680272108843538 0.0170068027210885
13.69 0.00675675675675676 0 0.00675675675675676 0.0168918918918919
13.875625 0.00671140939597316 0 0.00671140939597316 0.0167785234899329
14.0625 0.00666666666666653 0 0.00666666666666653 0.0166666666666663
14.250625 0.0066225165562914 0 0.0066225165562914 0.0165562913907285
14.44 0.00657894736842106 0 0.00657894736842106 0.0164473684210526
14.630625 0.00653594771241831 0 0.00653594771241831 0.0163398692810458
14.8225 0.0064935064935065 0 0.0064935064935065 0.0162337662337662
15.015625 0.00645161290322581 0 0.00645161290322581 0.0161290322580645
15.21 0.00641025641025642 0 0.00641025641025642 0.016025641025641
15.405625 0.00636942675159236 0 0.00636942675159236 0.0159235668789809
15.6025 0.00632911392405064 0 0.00632911392405064 0.0158227848101266
15.800625 0.00628930817610064 0 0.00628930817610064 0.0157232704402516
16 0.00625000000000001 0 0.00625000000000001 0.015625
16.200625 0.00621118012422361 0 0.00621118012422361 0.015527950310559
16.4025 0.00617283950617285 0 0.00617283950617285 0.0154320987654321
16.605625 0.00613496932515338 0 0.00613496932515338 0.0153374233128834
16.81 0.00609066158536586 8.17073170731708e-06 0.00608790548780488 0.015237
17.015625 0.00603625454545455 2.8869696969697e-05 0.00602654545454546 0.0151271303030303
17.2225 0.00597877409638555 5.37951807228916e-05 0.00596074698795181 0.0150148102409639
17.430625 0.00592204191616767 7.84221556886228e-05 0.00589585928143713 0.0149038532934132
17.64 0.00586604464285715 0.000102758928571429 0.00583186607142858 0.0147942321428572
17.850625 0.00581076923076924 0.000126804733727811 0.00576875443786983 0.0146859230769231
18.0625 0.00575620294117648 0.000150567647058824 0.00570650882352942 0.014578905882353
18.275625 0.00570233040935673 0.000174055555555556 0.00564510818713451 0.0144731520467836
18.49 0.00564914244186047 0.000197267441860465 0.00558453779069768 0.0143686424418605
18.705625 0.00559662427745665 0.00022021098265896 0.00552478323699422 0.0142653554913295
18.9225 0.0055447643678161 0.00024289367816092 0.00546583045977012 0.0141632701149425
19.140625 0.00549355428571417 0.00026531428571428 0.00540766857142846 0.0140623657142854
19.36 0.00544298011363637 0.000287480113636364 0.00535028125000001 0.0139626193181818
19.580625 0.00539303107344633 0.000309398305084746 0.00529365536723164 0.0138640141242938
19.8025 0.00534369943820225 0.000331067415730337 0.00523777808988765 0.0137665337078652
20.025625 0.00529497206703911 0.000352494413407822 0.00518263687150838 0.013670156424581
20.25 0.00524684166666667 0.000373686111111111 0.00512821944444445 0.0135748638888889
20.475625 0.0051992955801105 0.000394640883977901 0.00507450828729282 0.013480638121547
20.7025 0.00515232142857143 0.000415365384615385 0.00502149725274726 0.0133874615384616
20.930625 0.00510591530054645 0.00043586612021858 0.00496917213114755 0.0132953142076503
21.16 0.00506006521739131 0.000456141304347827 0.00491751630434783 0.0132041820652174
21.390625 0.00501475945945946 0.000476197297297298 0.00486652702702703 0.0131140513513514
21.6225 0.00496999193548388 0.000496040322580646 0.00481619086021506 0.0130249005376344
21.855625 0.00492575668449198 0.000515668449197861 0.00476649465240642 0.0129367165775401
22.09 0.00488204255319149 0.000535087765957447 0.00471743085106383 0.0128494840425532
22.325625 0.00483883862433863 0.000554304232804233 0.00466898941798942 0.0127631904761905
22.5625 0.00479614210526316 0.000573315789473685 0.00462115789473685 0.0126778184210526
22.800625 0.00475393979057592 0.00059212827225131 0.00457392408376964 0.0125933507853403
23.04 0.00471222395833334 0.000610747395833334 0.00452728125 0.0125097786458333
23.280625 0.00467099222797928 0.000629170984455959 0.00448122020725389 0.0124270829015544
23.5225 0.00463023195876289 0.000647404639175258 0.0044357293814433 0.01234525
23.765625 0.0045899358974359 0.000665453846153847 0.0043908 0.0122642717948718
24.01 0.00455009948979592 0.000683316326530613 0.00434642602040817 0.0121841326530612
24.255625 0.00451071573604061 0.000700997461928935 0.00430259644670051 0.0121048172588833
24.5025 0.00447177525252526 0.000718502525252526 0.00425930303030303 0.0120263181818182
24.750625 0.00443327386934674 0.000735829145728644 0.00421653768844221 0.0119486231155779
25 0.00439520499999991 0.000752982499999984 0.00417429249999991 0.0118717149999997
25.250625 0.00435755721393045 0.00076996766169156 0.00413255970149263 0.0117955845771147
25.5025 0.0043203292079207 0.000786782178217805 0.00409132920792071 0.0117202202970295
25.755625 0.00428351231527104 0.000803431034482777 0.00405059359605921 0.0116456108374387
26.01 0.0042470980392156 0.000819919117647042 0.00401034558823521 0.011571745098039
26.265625 0.00421108780487815 0.000836243902439044 0.00397058048780497 0.0114986097560978
26.5225 0.00417547087378632 0.000852410194174739 0.00393128883495137 0.0114261966019415
26.780625 0.00414023913043488 0.00086842270531403 0.00389246135265709 0.0113544951690824
27.04 0.00410539182692299 0.000884278846153828 0.00385409374999992 0.0112834951923075
27.300625 0.00407092344497617 0.000899983253588538 0.00381617942583741 0.0112131889952156
27.5625 0.00403682380952372 0.000915540476190457 0.00377870952380944 0.011143564285714
27.825625 0.00400309004739346 0.0009309478672986 0.00374168009478682 0.0110746113744078
28.09 0.00396971698113199 0.000946209905660357 0.00370508254716973 0.0110063207547167
28.355625 0.00393669718309851 0.000961330985915473 0.00366891079812199 0.0109386807511735
28.6225 0.00390402803738327 0.000976308411214976 0.00363315887850476 0.0108716845794395
28.890625 0.00387170465116271 0.000991146511627886 0.00359781860465109 0.0108053232558137
29.16 0.00383972222222231 0.00100584953703706 0.00356288657407416 0.0107395879629632
29.430625 0.00380807603686628 0.00102041474654376 0.0035283548387096 0.0106744700460827
29.7025 0.00377676146789 0.00103484633027525 0.00349422018348632 0.0106099610091746
29.975625 0.00374577397260266 0.00104914840182646 0.0034604771689497 0.0105460547945203
30.25 0.00371510681818191 0.00106331818181821 0.00342711818181826 0.0104827386363639
30.525625 0.00368475565610852 0.00107735972850676 0.0033941380090497 0.0104200067873301
30.8025 0.00365471846846855 0.00109127702702705 0.00336153153153161 0.0103578513513516
31.080625 0.00362499103139006 0.00110506726457397 0.00332929372197302 0.0102962645739908
31.36 0.0035955669642858 0.00111873437500003 0.00329741741071436 0.010235238839286
31.640625 0.00356644222222215 0.0011322822222222 0.00326589777777771 0.0101747644444442
31.9225 0.00353761283185849 0.0011457079646018 0.00323473230088503 0.0101148384955755
32.205625 0.00350907709251094 0.00115901541850218 0.00320391409691623 0.01005545154185
32.49 0.00348083114035096 0.00117220833333336 0.0031734385964913 0.0099965964912283
32.775625 0.00345286899563312 0.00118528384279473 0.00314330349344971 0.00993826637554564
33.0625 0.00342518695652182 0.00119824565217394 0.00311350217391312 0.00988045217391327
33.350625 0.00339778138528131 0.00121109740259738 0.00308403030303024 0.00982315151515131
33.64 0.00337064870689663 0.00122383620689658 0.00305488146551731 0.0097663556034485
33.930625 0.00334378540772525 0.00123646566523603 0.00302605150214586 0.00971005364806846
34.2225 0.00331719017094025 0.00124898931623935 0.00299754059829067 0.00965424572649595
34.515625 0.00329085531914887 0.00126140425531912 0.00296934042553185 0.00959892553191469
34.81 0.00326477966101703 0.00127371398305088 0.00294144491525431 0.00954408474576293
35.105625 0.00323896202531639 0.00128592194092824 0.00291385443037969 0.00948971518987322
35.4025 0.00321339495798313 0.00129802521008401 0.00288656302521002 0.00943581302520988
35.700625 0.00318807949790802 0.00131002719665275 0.00285956694560676 0.00938237447698767
36 0.0031630104166666 0.00132193124999997 0.00283286249999994 0.00932938958333314
36.300625 0.00313818257261418 0.00133373443983406 0.00280644398340255 0.00927685477178445
36.6025 0.00311359297520655 0.0013454400826446 0.00278030991735531 0.00922476652892542
36.905625 0.00308924074074081 0.00135705144032925 0.00275445473251035 0.00917311522633766
37.21 0.00306512499999994 0.00136856557377046 0.00272887499999994 0.00912189754098341
37.515625 0.00304123877551027 0.00137998571428575 0.00270356734693884 0.00907110816326552
37.8225 0.00301757926829262 0.00139131504065038 0.0026785284552845 0.00902073983739818
38.130625 0.00299414574898792 0.00140255060728748 0.0026537570850203 0.00897079149797592
38.44 0.00297093548387091 0.0014136955645161 0.00262924798387091 0.00892125806451594
38.750625 0.00294794377510047 0.00142475301204823 0.0026049959839358 0.00887213052208856
39.0625 0.00292516799999994 0.00143571999999997 0.00258099799999995 0.00882340599999981
39.375625 0.00290260756972118 0.00144659960159366 0.00255725298804787 0.0087750796812751
39.69 0.00288025992063486 0.00145739484126981 0.00253375793650788 0.00872714484126966
40.005625 0.00285812055335975 0.00146810276679845 0.00251050592885381 0.00867960079051404
40.3225 0.00283618700787396 0.00147872637795272 0.00248749803149601 0.00863244094488171
40.640625 0.00281445686274516 0.00148926862745102 0.00246472941176476 0.00858566078431392
40.96 0.00279292968749994 0.00149972656249997 0.00244219531249995 0.00853925390624982
41.280625 0.00277160116731524 0.0015101031128405 0.00241989688715959 0.00849321789883288
41.6025 0.002750468992248 0.00152040116279067 0.00239782751937979 0.00844755038759672
41.925625 0.00272953281853288 0.0015306177606178 0.00237598648648654 0.00840224517374537
42.25 0.0027087884615384 0.00154075576923074 0.0023543711538461 0.0083572980769229
42.575625 0.00268823371647516 0.00155081800766287 0.00233297701149431 0.00831270306513429
42.9025 0.00266786450381674 0.00156080152671752 0.00231179961832056 0.008268458015267
43.230625 0.00264768060836496 0.00157070912547525 0.00229083840304178 0.00822455893536104
43.56 0.00262768181818188 0.0015805435606061 0.00227009280303036 0.00818100378787898
43.890625 0.00260786226415089 0.00159030188679242 0.00224955849056599 0.00813778679245266
44.2225 0.00258822180451134 0.0015999868421053 0.00222923308270682 0.00809490037594004
44.555625 0.00256875842696624 0.00160960112359547 0.00220911235955052 0.0080523464419474
44.89 0.00254947014925379 0.00161914179104481 0.00218919589552244 0.0080101212686569
45.225625 0.00253035687732337 0.00162861152416353 0.00216948141263936 0.00796821747211879
45.5625 0.00251141296296302 0.001638012962963 0.00214996296296301 0.00792663333333352
45.900625 0.00249263653136526 0.0016473431734317 0.00213064206642062 0.00788536715867142
46.24 0.00247402757352947 0.0016566047794118 0.0021115165441177 0.00784441176470606
46.580625 0.00245558241758237 0.00166580036630033 0.00209258058608054 0.00780376373626357
46.9225 0.00243730109489057 0.00167492700729931 0.00207383394160589 0.00776342335766441
47.265625 0.00241918181818177 0.00168398727272724 0.00205527272727268 0.00772338545454529
47.61 0.00240122101449281 0.00169298369565221 0.00203689673913048 0.00768364673913061
47.955625 0.00238341877256313 0.00170191335740069 0.00201870397111909 0.00764420216606482
48.3025 0.00236577338129502 0.00171077877697846 0.00200069244604321 0.00760505035971241
48.650625 0.00234828136200712 0.00171958243727595 0.00198286021505372 0.00756619175627224
49 0.00233094107142863 0.00172832142857147 0.00196520178571433 0.00752761785714303
49.350625 0.0023137526690391 0.00173699822064053 0.00194771886120992 0.00748932562277564
49.7025 0.0022967127659575 0.00174561524822699 0.00193040780141848 0.00745131560283705
50.055625 0.00227981802120137 0.00175416961130738 0.0019132650176678 0.0074135830388691
50.41 0.00226307042253526 0.00176266373239441 0.00189629225352117 0.00737612323943679
50.765625 0.00224646842105258 0.00177109999999996 0.00187948596491224 0.00733893508771914
51.1225 0.00223000874125879 0.00177947552447557 0.0018628426573427 0.0073020157342659
51.480625 0.00221368989547034 0.00178779268292679 0.00184636062717766 0.00726536236933783
51.84 0.00219751041666662 0.00179605381944441 0.00183003993055552 0.00722897395833318
52.200625 0.00218146885813154 0.00180425605536336 0.00181387889273361 0.00719284602076141
52.5625 0.0021655637931034 0.00181240172413789 0.001797874137931 0.00715697413793088
52.925625 0.00214979381443304 0.00182049312714781 0.00178202405498286 0.00712135738831631
53.29 0.00213415753424653 0.00182852739726024 0.00176632705479448 0.00708599315068478
53.655625 0.0021186535836178 0.00183650682593861 0.00175077986348127 0.00705087883959061
54.0225 0.00210328061224485 0.00184443367346935 0.00173538265306119 0.00701601360544203
54.390625 0.00208803728813564 0.00185230508474581 0.00172013559322038 0.00698139152542389
54.76 0.00207292060810806 0.00186012331081077 0.00170503378378375 0.00694701013513499
55.130625 0.00205793097643102 0.00186789057239062 0.00169007744107748 0.00691287037037053
55.5025 0.00204306879194626 0.0018756040268456 0.00167526510067111 0.00687896979865757
55.875625 0.00202833110367898 0.00188326588628767 0.00166059364548499 0.00684530434782625
56.25 0.00201371499999996 0.00189087833333329 0.00164606166666663 0.00681186999999986
56.625625 0.00199921926910304 0.00189843853820602 0.00163166777408642 0.0067786644518274
57.0025 0.00198484437086088 0.00190594867549665 0.00161741059602646 0.00674568874172171
57.380625 0.00197058910891094 0.00191341089108915 0.00160328877887792 0.00671293894389454
57.76 0.0019564506578947 0.00192082236842101 0.00158930098684207 0.00668041118421039
58.140625 0.0019424278688525 0.00192818524590168 0.00157544590163938 0.00664810491803294
58.5225 0.00192852124183002 0.00193550163398689 0.00156172058823526 0.00661601797385607
58.905625 0.00191472964169386 0.00194276872964174 0.00154812377850166 0.0065841498371337
59.29 0.00190105032467528 0.0019499886363636 0.00153465746753244 0.00655249675324661
59.675625 0.00188748220064729 0.00195716343042076 0.0015213171521036 0.00652105663430436
60.0625 0.00187402580645157 0.0019642903225806 0.00150810161290319 0.0064898274193547
60.450625 0.00186067845659168 0.0019713713826367 0.00149501125401933 0.00645880546623809
60.84 0.00184743910256406 0.00197840865384611 0.00148204326923074 0.00642799038461525
61.230625 0.00183430830670923 0.00198539936102232 0.00146919648562297 0.00639738019169316
61.6225 0.00182128343949049 0.00199234554140132 0.00145646815286628 0.00636697292993645
62.015625 0.00180836349206345 0.00199924920634916 0.0014438587301587 0.00633676825396812
62.41 0.00179554746835447 0.00200610759493676 0.00143136708860763 0.00630676107594951
62.805625 0.00178283438485801 0.00201292271293371 0.00141899053627757 0.00627695110410081
63.2025 0.00177022484276734 0.00201969654088055 0.0014067311320755 0.00624733805031461
63.600625 0.0017577163009404 0.00202642633228836 0.0013945846394984 0.00621791692789955
64 0.00174530625000004 0.00203311406250005 0.00138255000000003 0.00618868750000014
64.400625 0.00173299532710277 0.00203976168224295 0.00137062772585667 0.00615964797507775
64.8025 0.00172078416149072 0.00204636645962738 0.0013588136645963 0.00613079658385107
65.205625 0.00170867027863773 0.00205293034055723 0.0013471083591331 0.00610213157894724
65.61 0.00169665123456794 0.00205945524691363 0.00133551234567904 0.00607365123456804
66.015625 0.00168472769230766 0.00206593846153842 0.00132402307692305 0.00604535384615372
66.4225 0.00167289877300617 0.00207238190184054 0.00131263803680985 0.00601723619631916
66.830625 0.00166116360856266 0.00207878593272167 0.00130135779816511 0.00598929969418948
67.24 0.00164951981707321 0.00208515091463419 0.00129018140243905 0.00596154115853672
67.650625 0.00163796808510635 0.00209147872340421 0.0012791063829787 0.00593395744680838
68.0625 0.00162650757575761 0.00209776666666672 0.00126813333333336 0.00590655000000014
68.475625 0.0016151359516616 0.00210401661631415 0.00125725981873109 0.00587931570996966
68.89 0.00160385542168678 0.0021102304216868 0.00124648493975907 0.00585225301204833
69.305625 0.00159266216216213 0.00211640690690686 0.00123580930930928 0.00582536036036024
69.7225 0.00158155538922159 0.00212254491017969 0.0012252290419162 0.00579863473053906
70.140625 0.00157053582089549 0.00212864626865667 0.00121474477611938 0.00577207611940286
70.56 0.00155960119047623 0.0021347127976191 0.00120435714285717 0.00574568452380966
70.980625 0.00154875222551925 0.00214074183976257 0.00119406231454003 0.00571945548961412
71.4025 0.00153798816568044 0.00214673520710055 0.00118386094674554 0.00569338905325432
71.825625 0.0015273067846608 0.00215269469026554 0.00117375221238941 0.00566748525073759
72.25 0.00151670735294114 0.00215861764705878 0.00116373529411762 0.00564174117647047
72.675625 0.00150618914956015 0.00216450586510269 0.00115380791788859 0.00561615395894441
73.1025 0.00149575146198827 0.00217036111111107 0.00114396929824559 0.0055907222222221
73.530625 0.00148539504373181 0.00217618075801754 0.0011342201166181 0.00556544897959197
73.96 0.00147511773255811 0.0021819665697674 0.00112455668604649 0.00554032848837198
74.390625 0.00146491884057974 0.00218772028985512 0.00111498115942032 0.00551535942028998
74.8225 0.00145479913294795 0.00219343930635834 0.00110549132947975 0.00549054479768775
75.255625 0.00144475648414989 0.0021991253602306 0.00109608645533144 0.00546587896253615
75.69 0.00143479022988503 0.00220478017241375 0.00108676580459768 0.0054413620689654
76.125625 0.00142489971346708 0.00221040114613186 0.0010775272206304 0.00541699283667634
76.5625 0.00141508428571426 0.00221598999999995 0.00106837285714283 0.00539276999999989
77.000625 0.00140534330484334 0.00222154843304848 0.00105929914529917 0.00536869230769243
77.44 0.00139567613636361 0.00222707386363632 0.00105030539772725 0.00534475710227261
77.880625 0.00138608215297454 0.00223256798866861 0.00104139235127481 0.00532096600566585
78.3225 0.00137655932203387 0.00223803248587566 0.00103255932203388 0.00529731638418068
78.765625 0.00136710985915496 0.00224346478873245 0.00102380422535214 0.00527380704225364
79.21 0.001357731741573 0.00224886657303366 0.00101512640449436 0.0052504367977527
79.655625 0.00134842296918771 0.00225423809523815 0.00100652521008406 0.00522720308123261
80.1025 0.00133918575418992 0.0022595796089385 0.000997999999999979 0.00520410754189933
80.550625 0.00133001671309195 0.00226489275766022 0.000989550139275789 0.0051811476323121
81 0.00132091527777775 0.00227017638888884 0.000981174999999979 0.00515832083333322
81.450625 0.00131188227146817 0.00227542936288094 0.000972873961218859 0.00513562742382283
81.9025 0.0013029171270718 0.00228065331491708 0.000964645027624289 0.00511306629834243
82.355625 0.00129401928374653 0.0022858498622589 0.000956488980716233 0.00509063774104672
82.81 0.00128518681318684 0.00229101648351654 0.000948405219780242 0.0050683392857144
83.265625 0.00127642054794518 0.0022961547945205 0.000940391780821898 0.00504616849315058
83.7225 0.00126771994535522 0.00230126639344268 0.000932449453551934 0.00502412568306023
84.180625 0.001259083106267 0.00230634877384191 0.00092457765667573 0.0050022098092642
84.64 0.00125051086956525 0.00231140353260875 0.000916773097826108 0.00498041983695664
85.100625 0.00124200135501352 0.00231643224932244 0.000909036585365834 0.00495875474254732
85.5625 0.00123355405405408 0.00232143243243249 0.000901367567567588 0.00493721351351363
86.025625 0.00122516981132073 0.00232640566037731 0.000893766846361167 0.00491579649595677
86.49 0.00121684677419358 0.00233135349462371 0.000886232526881741 0.00489450000000011
86.955625 0.00120858445040212 0.00233627345844499 0.000878762734584432 0.00487332439678274
87.4225 0.0012003823529412 0.00234116711229952 0.000871358288770074 0.00485226871657765
87.890625 0.00119224133333331 0.00234603599999995 0.000864018666666648 0.00483133066666656
88.36 0.00118416090425535 0.00235087765957452 0.00085674335106385 0.00481051196808522
88.830625 0.00117613793103446 0.00235569363395221 0.000849530503978762 0.00478981034482748
89.3025 0.00116817328042331 0.0023604854497355 0.000842379629629649 0.00476922486772498
89.775625 0.00116026781002636 0.00236525065963056 0.000835291556728214 0.00474875461741415
90.25 0.00115241973684213 0.00236999078947374 0.00082826447368423 0.00472839736842116
90.725625 0.00114462860892386 0.00237470734908131 0.00082129790026245 0.00470815485564294
91.2025 0.00113689397905762 0.00237939790575922 0.000814392670157087 0.00468802486911006
91.680625 0.00112921540469971 0.00238406396866836 0.000807546997389017 0.00466800522193202
92.16 0.00112159244791669 0.00238870703125006 0.000800760416666685 0.00464809765625011
92.640625 0.00111402467532465 0.00239332467532462 0.000794032467532451 0.0046282999999999
93.1225 0.00110663730569951 0.00239762435233166 0.000787487046632143 0.00460881994818664
93.605625 0.00110159948320411 0.00239651937984491 0.000783281653746753 0.00459328165374667
94.09 0.00109876030927833 0.0023903427835051 0.000781262886597922 0.00458144329896898
94.575625 0.00109593573264784 0.00238419794344479 0.000779254498714671 0.00456966580976874
95.0625 0.00109312564102562 0.00237808461538456 0.000777256410256394 0.00455794871794862
95.550625 0.00109032992327368 0.00237200255754481 0.000775268542199507 0.00454629156010241
96.04 0.00108754846938773 0.00236595153061219 0.000773290816326514 0.00453469387755092
96.530625 0.00108478117048349 0.00235993129770998 0.000771323155216303 0.00452315521628509
97.0225 0.0010820279187817 0.00235394162436543 0.000769365482233486 0.00451167512690346
97.515625 0.00107928860759496 0.00234798227848107 0.000767417721519005 0.00450025316455707
98.01 0.00107656313131311 0.00234205303030298 0.000765479797979782 0.00448888888888879
98.505625 0.00107385138539045 0.002336153652393 0.000763551637279615 0.00447758186397995
99.0025 0.00107115326633164 0.00233028391959794 0.00076163316582913 0.00446633165829136
99.500625 0.00106846867167922 0.00232444360902261 0.00075972431077696 0.00445513784461163
100 0.00106579749999998 0.00231863249999995 0.000757824999999984 0.00444399999999991
100.500625 0.0010631396508728 0.00231285037406479 0.000755935162094747 0.00443291770573557
101.0025 0.00106049502487569 0.00230709701492553 0.00075405472636821 0.00442189054726398
101.505625 0.00105786352357318 0.00230137220843668 0.000752183622828768 0.00441091811414383
102.01 0.00105524504950493 0.00229567574257421 0.000750321782178202 0.00439999999999991
102.515625 0.00105263950617282 0.00229000740740736 0.000748469135802453 0.00438913580246904
103.0225 0.00105004679802963 0.00228436699507405 0.000746625615763597 0.004378325123153
103.530625 0.00104746683046681 0.00227875429975425 0.000744791154791139 0.00436756756756747
104.04 0.0010448995098039 0.00227316911764701 0.000742965686274494 0.00435686274509795
104.550625 0.00104234474327626 0.00226761124694372 0.000741149144254263 0.00434621026894856
105.0625 0.00103980243902446 0.00226208048780503 0.000739341463414684 0.00433560975609785
105.575625 0.0010372725060827 0.00225657664233572 0.00073754257907541 0.00432506082725052
106.09 0.00103475485436891 0.00225109951456306 0.00073575242718445 0.00431456310679602
106.605625 0.0010322493946731 0.00224564891041157 0.000733970944309912 0.0043041162227602
107.1225 0.00102975603864732 0.00224022463768111 0.000732198067632835 0.00429371980676319
107.640625 0.00102727469879525 0.00223482650602425 0.000730433734939808 0.00428337349397619
108.16 0.00102480528846152 0.00222945432692303 0.000728677884615369 0.00427307692307683
108.680625 0.00102234772182252 0.00222410791366902 0.000726930455635476 0.00426282973621094
109.2025 0.00101990191387558 0.00221878708133967 0.000725191387559793 0.00425263157894728
109.725625 0.00101746778042966 0.00221349164677819 0.000723460620525108 0.00424248210023895
110.25 0.00101504523809522 0.00220822142857138 0.00072173809523808 0.00423238095238086
110.775625 0.00101263420427551 0.00220297624703083 0.000720023752969106 0.00422232779097378
111.3025 0.00101023459715638 0.00219775592417057 0.000718317535545009 0.00421232227488143
111.830625 0.00100784633569747 0.00219256028368809 0.000716619385342838 0.00420236406619414
112.36 0.00100546933962262 0.00218738915094335 0.000714929245283004 0.00419245283018859
112.890625 0.00100310352941174 0.00218224235294113 0.000713247058823514 0.00418258823529403
113.4225 0.00100074882629106 0.00217711971830981 0.000711572769953037 0.00417276995305155
113.955625 0.000998405152224892 0.00217202107728352 0.00070990632318506 0.00416299765807991
114.49 0.000996072429906521 0.0021669462616822 0.000708247663551387 0.00415327102803729
115.025625 0.000993750582750562 0.00216189510489506 0.000706596736596722 0.00414358974358966
115.5625 0.0009914395348837 0.00215686744186042 0.000704953488372078 0.00413395348837201
116.100625 0.000989139211136958 0.00215186310904887 0.000703317865429282 0.00412436194895619
116.64 0.000986849537037016 0.0021468819444444 0.0007016898148148 0.00411481481481473
117.180625 0.000984570438799055 0.00214192378752882 0.00070006928406465 0.00410531177829091
117.7225 0.000982301843317951 0.00213698847926263 0.000698456221198142 0.00409585253456213
118.265625 0.000980043678160986 0.00213207586206911 0.000696850574712691 0.00408643678160947
118.81 0.000977795871559612 0.00212718577981647 0.000695252293577967 0.0040770642201834
119.355625 0.000975558352402725 0.00212231807780316 0.000693661327231107 0.00406773455377566
119.9025 0.00097333105022829 0.00211747260273968 0.000692077625570762 0.00405844748858439
120.450625 0.00097111389521638 0.00211264920273344 0.000690501138952149 0.00404920273348511
121 0.000968906818181884 0.00210784772727287 0.000688931818181865 0.00404000000000027
121.550625 0.000966709750566873 0.00210306802721084 0.000687369614512457 0.00403083900226749
122.1025 0.000964522624434369 0.00209830995475109 0.000685814479637994 0.00402171945701349
122.655625 0.000962345372460476 0.00209357336343111 0.000684266365688473 0.00401264108352136
123.21 0.000960177927927993 0.00208885810810825 0.000682725225225271 0.00400360360360387
123.765625 0.000958020224719081 0.00208416404494378 0.000681191011235941 0.00399460674157295
124.3225 0.000955872197309397 0.00207949103139009 0.00067966367713003 0.00398565022421516
124.880625 0.000953733780760606 0.00207483892617445 0.000678143176733766 0.00397673378076054
125.44 0.00095160491071435 0.00207020758928585 0.00067662946428576 0.00396785714285741
126.000625 0.00094948552338528 0.00206559688195987 0.000675122494432057 0.00395902004454335
126.5625 0.000947375555555535 0.00206100666666662 0.000673622222222208 0.00395022222222214
127.125625 0.000945274944567607 0.0020564368070953 0.000672128603104199 0.00394146341463406
127.69 0.000943183628318648 0.00205188716814173 0.000670641592920399 0.00393274336283212
128.255625 0.000941101545253843 0.002047357615894 0.000669161147902855 0.00392406181015444
128.8225 0.000939028634361213 0.0020428480176211 0.000667687224669589 0.00391541850220256
129.390625 0.000936964835164815 0.0020383582417582 0.000666219780219766 0.0039068131868131
129.96 0.000934910087719361 0.00203388815789487 0.000664758771929869 0.00389824561403535
130.530625 0.000932864332603919 0.00202943763676144 0.00066330415754922 0.00388971553610495
131.1025 0.000930827510917011 0.0020250065502183 0.000661855895196492 0.0038812227074235
131.675625 0.000928799564270133 0.00202059477124179 0.000660413943355106 0.00387276688453151
132.25 0.000926780434782671 0.00201620217391318 0.00065897826086961 0.00386434782608722
132.825625 0.000924770065075902 0.0020118286334056 0.000657548806941418 0.00385596529284157
133.4025 0.000922768398268379 0.00200747402597398 0.000656125541125527 0.00384761904761897
133.980625 0.000920775377969743 0.00200313822894164 0.00065470842332612 0.0038393088552915
134.56 0.000918790948275843 0.00199882112068961 0.00065329741379309 0.00383103448275854
135.140625 0.000916815053763503 0.0019945225806453 0.000651892473118324 0.00382279569892499
135.7225 0.000914847639484959 0.00199024248927034 0.000650493562231746 0.00381459227467803
136.305625 0.000912888650963578 0.00198598072805135 0.000649100642398273 0.0038064239828693
136.89 0.000910938034188015 0.00198173717948714 0.000647713675213662 0.00379829059829052
137.475625 0.000908995735607737 0.00197751172707902 0.000646332622601323 0.00379019189765484
138.0625 0.00090706170212764 0.00197330425531911 0.000644957446808497 0.00378212765957439
138.650625 0.000905135881104015 0.00196911464968149 0.000643588110403383 0.00377409766454344
139.24 0.000903218220338964 0.00196494279661013 0.000642224576271173 0.00376610169491517
139.830625 0.000901308668076171 0.00196078858350965 0.000640866807611037 0.00375813953488397
140.4225 0.000899407172995761 0.00195665189873414 0.000639514767932476 0.00375021097046405
141.015625 0.000897513684210507 0.00195253263157891 0.000638168421052618 0.0037423157894736
141.61 0.000895628151260485 0.00194843067226887 0.000636827731092423 0.00373445378151253
142.205625 0.000893750524109075 0.00194434591194982 0.000635492662473837 0.00372662473794574
142.8025 0.000891880753138056 0.00194027824267778 0.000634163179916304 0.00371882845188277
143.400625 0.000890018789144031 0.00193622755741123 0.000632839248434225 0.00371106471816276
144 0.000888164583333314 0.00193219374999996 0.00063152083333332 0.00370333333333325
144.600625 0.000886318087318147 0.00192817671517685 0.000630207900207943 0.00369563409563434
145.2025 0.000884479253112014 0.00192417634854768 0.000628900414937746 0.00368796680497917
145.805625 0.000882648033126275 0.00192019254658381 0.000627598343685287 0.00368033126293988
146.41 0.00088082438016527 0.00191622520661153 0.000626301652892549 0.00367272727272719
147.015625 0.00087900824742274 0.00191227422680425 0.000625010309278393 0.0036651546391755
147.6225 0.000877199588477347 0.0019083395061728 0.000623724279835378 0.0036576131687242
148.230625 0.000875398357289509 0.00190442094455848 0.000622443531827502 0.00365010266940444
148.84 0.000873604508196703 0.00190051844262291 0.000621168032786872 0.00364262295081959
149.450625 0.000871817995910002 0.00189663190184045 0.000619897750511234 0.0036351738241308
150.0625 0.000870038775510263 0.00189276122448992 0.000618632653061266 0.00362775510204106
150.675625 0.000868266802443973 0.00188890631364558 0.000617372708757624 0.00362036659877793
151.29 0.000866502032520307 0.00188506707317069 0.000616117886178849 0.00361300813008122
151.905625 0.000864744421906675 0.00188124340770787 0.000614868154158202 0.00360567951318451
152.5225 0.000862993927125564 0.00187743522267219 0.000613623481781418 0.00359838056680186
153.140625 0.000861250505050487 0.00187364242424238 0.000612383838383825 0.00359111111111103
153.76 0.000859514112903207 0.0018698649193548 0.000611149193548374 0.00358387096774186
154.380625 0.000857784708249479 0.00186610261569413 0.000609919517102603 0.00357665995975848
155.0025 0.000856062248996042 0.00186235542168687 0.000608694779116507 0.00356947791164683
155.625625 0.000854346693386755 0.00185862324649295 0.000607474949899787 0.00356232464929852
156.25 0.000852637999999982 0.00185490599999996 0.000606259999999987 0.00355519999999992
156.875625 0.000850936127744493 0.00185120359281433 0.000605049900199588 0.00354810379241509
157.5025 0.000849241035856631 0.0018475159362551 0.000603844621513985 0.00354103585657394
158.130625 0.000847552683896602 0.00184384294234588 0.000602644135188854 0.00353399602385678
158.76 0.000845871031746014 0.00184018452380948 0.0006014484126984 0.00352698412698405
159.390625 0.000844196039603942 0.00183654059405937 0.000600257425742562 0.00351999999999993
160.0225 0.000842527667984247 0.0018329110671938 0.0005990711462451 0.00351304347826111
160.655625 0.000840865877712014 0.00182929585798813 0.000597889546351072 0.00350611439842202
161.29 0.000839210629921242 0.00182569488188972 0.000596712598425184 0.00349921259842512
161.925625 0.000837561886051063 0.00182210805500978 0.000595540275049103 0.00349233791748519
162.5625 0.000835919607843194 0.00181853529411777 0.000594372549019648 0.00348549019607867
163.200625 0.000834283757338534 0.00181497651663401 0.000593209393346367 0.00347866927592948
163.84 0.000832654296874982 0.00181143164062496 0.000592050781249987 0.00347187499999993
164.480625 0.000831031189083803 0.00180790058479528 0.000590896686159831 0.00346510721247556
165.1225 0.000829414396887142 0.00180438326848245 0.00058974708171205 0.00345836575875479
165.765625 0.000827803883495201 0.00180087961165061 0.000588601941747613 0.00345165048543713
166.41 0.000826199612403083 0.00179738953488368 0.000587461240310065 0.00344496124031
167.055625 0.000824601547388764 0.00179391295938101 0.000586324951644088 0.00343829787234035
167.7025 0.000823009652509635 0.00179044980694977 0.000585193050193038 0.00343166023166016
168.350625 0.000821423892100248 0.00178700000000012 0.000584065510597342 0.00342504816955707
169 0.000819844230769213 0.00178356346153842 0.000582942307692295 0.00341846153846147
169.650625 0.000818270633397295 0.00178014011516311 0.000581823416506706 0.00341190019193851
170.3025 0.000816703065134082 0.00177672988505743 0.000580708812260524 0.00340536398467426
170.955625 0.000815141491395849 0.00177333269598482 0.000579598470363328 0.00339885277246677
171.61 0.000813585877862578 0.0017699484732824 0.000578492366412201 0.00339236641221367
172.265625 0.000812036190476173 0.00176657714285711 0.000577390476190464 0.00338590476190469
172.9225 0.000810492395437245 0.00176321863117867 0.000576292775665387 0.00337946768060829
173.580625 0.000808954459203091 0.00175987286527526 0.000575199240986756 0.00337305502846323
174.24 0.000807422348484831 0.00175653977272724 0.000574109848484836 0.0033666666666666
174.900625 0.000805896030245729 0.00175321928166348 0.000573024574669175 0.00336030245746685
175.5625 0.000804375471698096 0.00174991132075468 0.000571943396226403 0.00335396226415087
176.225625 0.000802860640301372 0.00174661581920916 0.000570866290018871 0.00334764595103601
176.89 0.000801351503759381 0.00174333270676688 0.000569793233082695 0.00334135338345858
177.555625 0.000799848030018745 0.00174006191369602 0.00056872420262663 0.00333508442776728
178.2225 0.000798350187265901 0.00173680337078648 0.00056765917602995 0.00332883895131079
178.890625 0.000796857943925287 0.00173355700934591 0.00056659813084116 0.00332261682243013
179.56 0.000795371268656699 0.00173032276119399 0.000565541044776107 0.00331641791044769
180.230625 0.000793890130353801 0.00172710055865918 0.000564487895716934 0.00331024208566101
180.9025 0.000792414498141247 0.00172389033457245 0.000563438661710025 0.00330408921933078
181.575625 0.000790944341372896 0.00172069202226341 0.000562393320964738 0.0032979591836734
182.25 0.000789479629629683 0.00171750555555567 0.00056135185185189 0.00329185185185207
182.925625 0.000788020332717174 0.00171433086876152 0.000560314232902021 0.00328576709796666
183.6025 0.00078656642066419 0.00171116789667893 0.000559280442804416 0.0032797047970479
184.280625 0.000785117863720057 0.0017080165745856 0.000558250460405145 0.00327366482504597
184.96 0.000783674632352994 0.00170487683823541 0.00055722426470592 0.00326764705882375
185.640625 0.00078223669724769 0.00170174862385317 0.000556201834862373 0.00326165137614672
186.3225 0.000780804029304013 0.00169863186813183 0.000555183150183138 0.00325567765567759
187.005625 0.000779376599634353 0.00169552650822665 0.000554168190127959 0.0032497257769652
187.69 0.000777954379562096 0.00169243248175194 0.000553156934306607 0.00324379562043818
188.375625 0.000776537340619291 0.00168934972677592 0.00055214936247722 0.00323788706739519
189.0625 0.000775125454545438 0.00168627818181815 0.000551145454545443 0.00323199999999993
189.750625 0.00077371869328492 0.00168321778584388 0.000550145190562602 0.00322613430127035
190.44 0.000772317028985559 0.00168016847826098 0.000549148550724675 0.00322028985507268
191.130625 0.000770920433996367 0.00167713019891497 0.000548155515370694 0.00321446654611205
191.8225 0.00076952888086641 0.00167410288808661 0.000547166064981938 0.00320866425992773
192.515625 0.000768142342342326 0.00167108648648645 0.000546180180180169 0.00320288288288281
193.21 0.000766760791366958 0.00166808093525191 0.000545197841726655 0.00319712230215849
193.905625 0.000765384201077183 0.00166508617594251 0.000544219030520635 0.00319138240574499
194.6025 0.000764012544802851 0.0016621021505376 0.000543243727598555 0.00318566308243721
195.300625 0.000762645796064384 0.00165912880143109 0.000542271914132368 0.00317996422182462
196 0.00076128392857148 0.00165616607142868 0.000541303571428608 0.00317428571428593
196.700625 0.000759926916221018 0.00165321390374328 0.000540338680926905 0.00316862745098032
197.4025 0.000758574733096069 0.00165027224199285 0.000539377224199277 0.00316298932384335
198.105625 0.000757227353463572 0.00164734103019535 0.000538419182948479 0.0031573712255772
198.81 0.000755884751773034 0.00164442021276592 0.000537464539007081 0.00315177304964532
199.515625 0.000754546902654918 0.00164150973451338 0.000536513274336319 0.0031461946902657
200.2225 0.000753213780918712 0.00163860954063601 0.000535565371024724 0.00314063604240276
200.930625 0.000751885361552012 0.00163571957671954 0.000534620811287467 0.0031350970017636
201.64 0.000750561619718294 0.00163283978873236 0.000533679577464777 0.00312957746478867
202.350625 0.000749242530755762 0.00162997012302296 0.000532741652021126 0.00312407732864696
203.0625 0.000747928070175423 0.00162711052631575 0.000531807017543848 0.003118596491228
203.775625 0.000746618213660229 0.00162426094570925 0.000530875656742546 0.00311313485113829
204.49 0.000745312937062921 0.00162142132867129 0.000529947552447541 0.00310769230769224
205.205625 0.000744012216404937 0.00161859162303676 0.000529022687609111 0.00310226876090771
205.9225 0.000742716027874549 0.00161577177700345 0.000528101045296156 0.00309686411149819
206.640625 0.000741424347826071 0.0016129617391304 0.000527182608695641 0.0030914782608695
207.36 0.000740137152777762 0.0016101614583333 0.0005262673611111 0.00308611111111105
208.080625 0.000738854419410795 0.00160737088388226 0.000525355285961907 0.00308076256499154
208.8025 0.000737576124567458 0.00160458996539789 0.000524446366781996 0.00307543252595149
209.525625 0.000736302245250416 0.00160181865284971 0.000523540587219333 0.00307012089810011
210.25 0.000735032758620674 0.00159905689655169 0.000522637931034472 0.00306482758620683
210.975625 0.000733767641996607 0.00159630464716018 0.000521738382099863 0.00305955249569728
211.7025 0.000732506872852218 0.00159356185567007 0.000520841924398614 0.00305429553264598
212.430625 0.000731250428816451 0.00159082847341335 0.000519948542024003 0.00304905660377352
213.16 0.000729998287671217 0.00158810445205476 0.000519058219178071 0.00304383561643829
213.890625 0.000728750427350477 0.00158538974358985 0.000518170940170975 0.00303863247863268
214.6225 0.000590352389078486 0.00158268430034126 0.000517286689419784 0.00395148549488046
215.355625 0.000452425894378185 0.00157998807495738 0.00051640545144803 0.00486122827938661
216.09 0.000451656462585024 0.00157730102040813 0.000515527210884343 0.00485296088435364
216.825625 0.000450889643463488 0.00157462308998299 0.000514651952461789 0.00484472156196934
217.5625 0.000450125423728844 0.00157195423728824 0.000513779661016984 0.00483651016949185
218.300625 0.000449363790186116 0.00156929441624362 0.000512910321488991 0.00482832656514372
219.04 0.00044860472972972 0.00156664358108105 0.000512043918918908 0.00482017060810801
219.780625 0.000447848229342318 0.00156400168634061 0.000511180438448556 0.00481204215851592
220.5225 0.000447094276094306 0.00156136868686879 0.0005103198653199 0.0048039410774414
221.265625 0.000446342857142848 0.00155874453781509 0.000509462184873939 0.00479586722689065
222.01 0.000445593959731534 0.00155612919463084 0.000508607382550325 0.00478782046979856
222.755625 0.00044484757118927 0.00155352261306529 0.000507755443886086 0.00477980067001665
223.5025 0.000444103678929796 0.00155092474916398 0.000506906354515084 0.00477180769230801
224.250625 0.000443362270450742 0.00154833555926541 0.000506060100166934 0.00476384140233713
225 0.000442623333333324 0.00154575499999997 0.000505216666666656 0.00475590166666656
225.750625 0.000441886855241255 0.00154318302828616 0.000504376039933434 0.00474798835274532
226.5025 0.000441152823920295 0.00154061960132901 0.0005035382059801 0.00474010132890397
227.255625 0.000440421227197337 0.00153806467661688 0.000502703150912095 0.00473224046434484
228.01 0.000439692052980123 0.0015355182119205 0.000501870860927142 0.00472440562913897
228.765625 0.000438965289256189 0.00153298016528922 0.000501041322314039 0.00471659669421478
229.5225 0.000438240924092439 0.00153045049504961 0.000500214521452179 0.00470881353135345
230.280625 0.000437518945634258 0.00152792915980227 0.000499390444810533 0.00470105601317947
231.04 0.000436799342105254 0.00152541611842102 0.000498569078947358 0.00469332401315779
231.800625 0.00043608210180623 0.00152291133004923 0.000497750410509021 0.00468561740558282
232.5625 0.000435367213114783 0.00152041475409846 0.000496934426229542 0.00467793606557409
233.325625 0.000434654664484442 0.00151792635024547 0.000496121112929613 0.004670279869067
234.09 0.000433944444444435 0.00151544607843134 0.000495310457516329 0.00466264869281036
234.855625 0.000433236541598686 0.00151297389885804 0.000494502446982045 0.00465504241435553
235.6225 0.000432530944625398 0.00151050977198694 0.000493697068403898 0.00464746091205202
236.390625 0.000431827642276452 0.00150805365853669 0.000492894308943123 0.00463990406504096
237.16 0.000431126623376614 0.00150560551948049 0.000492094155844145 0.00463237175324665
237.930625 0.00043042787682333 0.00150316531604535 0.000491296596434349 0.00462486385737429
238.7025 0.000429731391585751 0.00150073300970871 0.000490501618122967 0.00461738025889958
239.475625 0.000429037156704391 0.00149830856219719 0.000489709208400679 0.00460992084006493
240.25 0.000428345161290313 0.00149589193548384 0.000488919354838699 0.00460248548387087
241.025625 0.000427655394524951 0.00149348309178741 0.000488132045088556 0.00459507407407398
241.8025 0.000426967845659155 0.0014910819935691 0.000487347266881019 0.00458768649517675
242.580625 0.00042628250401287 0.0014886886035314 0.000486565008025715 0.00458032263242406
243.36 0.00042559935897435 0.00148630288461535 0.000485785256410246 0.00457298237179477
244.140625 0.000424918399999991 0.00148392479999997 0.00048500799999999 0.0045656655999999
244.9225 0.00042423961661341 0.00148155431309901 0.00048423322683705 0.00455837220447275
245.705625 0.000423562998405132 0.00147919138755991 0.000483460925039905 0.00455110207336554
246.49 0.000422888535031838 0.00147683598726111 0.000482691082802537 0.0045438550955413
247.275625 0.000422216216216207 0.00147448807631157 0.000481923688394266 0.00453663116057224
248.0625 0.000421546031746023 0.00147214761904759 0.00048115873015872 0.00452943015873006
248.850625 0.000420877971473879 0.00146981458003179 0.000480396196513503 0.00452225198098287
249.64 0.000420212025316447 0.0014674889240506 0.000479636075949357 0.00451509651898725
250.430625 0.000419548183254335 0.00146517061611371 0.000478878357030006 0.00450796366508679
251.2225 0.000418886435331221 0.00146285962145107 0.000478123028391157 0.00450085331230274
252.015625 0.000418226771653571 0.00146055590551191 0.00047737007874019 0.00449376535433101
252.81 0.000417569182389928 0.00145825943396223 0.000476619496855336 0.00448669968553449
253.605625 0.000416913657770792 0.00145597017268443 0.000475871271585547 0.00447965620094182
254.4025 0.000416260188087765 0.00145368808777426 0.00047512539184952 0.00447263479623815
255.200625 0.000415608763693262 0.00145141314553988 0.000474381846635358 0.00446563536776203
256 0.000414959375000028 0.0014491453125001 0.000473640625000032 0.0044586578125003
256.800625 0.00041431201248049 0.00144688455538218 0.000472901716068633 0.00445170202808103
257.6025 0.000413666666666658 0.00144463084112146 0.000472165109034258 0.00444476791277249
258.405625 0.000413023328149291 0.00144238413685845 0.000471430793157066 0.00443785536547424
259.21 0.000412381987577668 0.00144014440993799 0.000470698757764007 0.00443096428571458
260.015625 0.000411742635658906 0.00143791162790695 0.000469968992248052 0.00442409457364332
260.8225 0.000411105263157886 0.0014356857585139 0.000469241486068101 0.00441724613003087
261.630625 0.000410469860896436 0.00143346676970631 0.000468516228748058 0.00441041885625957
262.44 0.000409836419753114 0.00143125462962973 0.000467793209876575 0.00440361265432128
263.250625 0.000409204930662549 0.00142904930662555 0.000467072419106307 0.00439682742681038
264.0625 0.000408575384615376 0.00142685076923074 0.000466353846153836 0.00439006307692298
264.875625 0.000407947772657441 0.00142465898617508 0.000465637480798761 0.00438331950844845
265.69 0.000407322085889598 0.00142247392638046 0.000464923312883467 0.00437659662576717
266.505625 0.000406698315467066 0.00142029555895862 0.000464211332312394 0.0043698943338437
267.3225 0.00040607645259938 0.00141812385321098 0.000463501529051978 0.00436321253822621
268.140625 0.00040545648854961 0.00141595877862592 0.000462793893129761 0.00435655114503807
268.96 0.000404838414634174 0.00141380030487814 0.000462088414634178 0.0043499100609759
269.780625 0.000404222222222214 0.00141164840182645 0.000461385083713841 0.0043432891933028
270.6025 0.000403607902735554 0.00140950303951365 0.000460683890577498 0.00433668844984793
271.425625 0.000402995447647943 0.00140736418816385 0.000459984825493162 0.00433010773899839
272.25 0.000402384848484876 0.00140523181818191 0.00045928787878791 0.00432354696969726
273.075625 0.000401776096822987 0.00140310590015126 0.000458593040847191 0.00431700605143712
273.9025 0.000401169184290022 0.00140098640483381 0.000457900302114794 0.00431048489425973
274.730625 0.000400564102564094 0.00139887330316739 0.000457209653091996 0.00430398340874802
275.56 0.000399960843373485 0.00139676656626503 0.00045652108433734 0.004297501506024
276.390625 0.000399359398496267 0.00139466616541363 0.000455834586466196 0.00429103909774465
277.2225 0.000398759759759751 0.00139257207207204 0.00045515015015014 0.004284596096096
278.055625 0.000398161919040471 0.00139048425787103 0.000454467766116932 0.00427817241379301
278.89 0.000397565868263465 0.00138840269461075 0.000453787425149691 0.00427176796407177
279.725625 0.000396971599402119 0.00138632735426018 0.000453109118086727 0.00426538266068788
280.5625 0.000396379104477603 0.00138425820895519 0.000452432835820886 0.00425901641791036
281.400625 0.000395788375558859 0.00138219523099848 0.000451758569299543 0.00425266915052152
282.24 0.000395199404761896 0.00138013839285711 0.0004510863095238 0.00424634077380943
283.080625 0.000394612184249655 0.00137808766716205 0.000450416047548322 0.00424003120356641
283.9225 0.000394026706231446 0.0013760430267062 0.000449747774480703 0.004233740356083
284.765625 0.000393442962962955 0.00137400444444442 0.000449081481481472 0.00422746814814806
285.61 0.000392860946745554 0.00137197189349109 0.000448417159763304 0.00422121449704133
286.455625 0.000392280649926171 0.00136994534711974 0.000447754800590872 0.00421497932053204
287.3025 0.000391702064896747 0.00136792477876103 0.000447094395280226 0.00420876253687307
288.150625 0.000391125184094248 0.00136591016200292 0.000446435935198812 0.00420256406480109
289 0.000390549999999992 0.00136390147058821 0.000445779411764696 0.00419638382352932
289.850625 0.000389976505139527 0.00136189867841419 0.000445124816446432 0.00419022173274624
290.7025 0.000389404692082103 0.00135990175953076 0.000444472140762454 0.00418407771260988
291.555625 0.000388834553440694 0.00135791068814053 0.000443821376281103 0.00417795168374808
292.41 0.000388266081871337 0.00135592543859646 0.000443172514619874 0.00417184356725137
293.265625 0.000387699270073019 0.00135394598540155 0.000442525547445285 0.00416575328467181
294.1225 0.000387134110787164 0.00135197230320697 0.000441880466472294 0.0041596807580174
294.980625 0.000386570596797663 0.0013500043668122 0.000441237263464328 0.00415362590975246
295.84 0.000386008720930224 0.00134804215116276 0.000440595930232549 0.00414758866279061
296.700625 0.000385448476052241 0.00134608563134975 0.000439956458635695 0.00414156894049338
297.5625 0.00038488985507249 0.00134413478260879 0.00043931884057974 0.00413556666666695
298.425625 0.000384332850940657 0.00134218958031835 0.000438683068017357 0.00412958176555708
299.29 0.000383777456647391 0.00134024999999997 0.000438049132947968 0.00412361416184962
300.155625 0.000383223665223657 0.00133831601731599 0.000437417027417018 0.00411766378066369
301.0225 0.00038267146974066 0.00133638760806925 0.00043678674351588 0.00411173054755071
301.890625 0.000382120863309344 0.00133446474820141 0.000436158273381286 0.00410581438848912
302.76 0.000381571839080452 0.00133254741379308 0.000435531609195393 0.00409991522988497
303.630625 0.000381024390243894 0.00133063558106166 0.00043490674318507 0.00409403299856519
304.5025 0.000380478510028679 0.00132872922636112 0.000434283667621806 0.00408816762177678
305.375625 0.000379934191702424 0.00132682832618023 0.000433662374821164 0.0040823190271816
306.25 0.00037939142857142 0.00132493285714283 0.000433042857142848 0.00407648714285706
307.125625 0.00037885021398002 0.00132304279600568 0.000432425106990005 0.0040706718972895
308.0025 0.000378310541310567 0.00132115811965821 0.000431809116809146 0.00406487321937349
308.880625 0.000377772403982922 0.00131927880512088 0.000431194879089607 0.00405909103840674
309.76 0.000377235795454537 0.00131740482954543 0.000430582386363627 0.00405332528409082
310.640625 0.00037670070921985 0.00131553617021274 0.000429971631205665 0.00404757588652474
311.5225 0.000376167138810224 0.00131367280453267 0.000429362606232324 0.00404184277620424
312.405625 0.000375635077793486 0.0013118147100424 0.00042875530410183 0.00403612588401689
313.29 0.000375104519774003 0.00130996186440675 0.000428149717514115 0.00403042514124285
314.175625 0.000374575458392094 0.00130811424541605 0.000427545839210146 0.00402474047954857
315.0625 0.000374047887323969 0.001306271830986 0.00042694366197186 0.00401907183098619
315.950625 0.000373521800281286 0.00130443459915609 0.000426343178621651 0.00401341912798866
316.84 0.000372997191011228 0.00130260252808986 0.000425744382022463 0.0040077823033707
317.730625 0.000372474053295925 0.0013007755960729 0.00042514726507713 0.00400216129032249
318.6225 0.000371952380952373 0.00129895378151258 0.000424551820728282 0.00399655602240888
319.515625 0.000371432167832193 0.00129713706293715 0.000423958041958071 0.0039909664335667
320.41 0.000370913407821221 0.00129532541899439 0.000423365921787701 0.00398539245810047
321.305625 0.000370396094839602 0.00129351882845186 0.000422775453277536 0.00397983403068332
322.2025 0.000369880222841218 0.00129171727019496 0.000422186629526453 0.00397429108635089
323.100625 0.000369365785813655 0.00128992072322679 0.000421599443671795 0.00396876356050096
324 0.00036885277777777 0.00128812916666664 0.00042101388888888 0.0039632513888888
324.900625 0.000368341192787787 0.00128634257975032 0.000420429958391115 0.00395775450762821
325.8025 0.00036783102493074 0.00128456094182823 0.000419847645429354 0.00395227285318551
326.705625 0.000367322268326442 0.00128278423236523 0.000419266943291868 0.00394680636237924
327.61 0.000366814917127064 0.0012810124309392 0.000418687845303858 0.00394135497237561
328.515625 0.000366308965517234 0.00127924551724135 0.000418110344827577 0.00393591862068957
329.4225 0.000365804407713491 0.00127748347107435 0.000417534435261699 0.00393049724517898
330.330625 0.000365301237964261 0.00127572627235222 0.000416960110041294 0.00392509078404428
331.24 0.000364799450549443 0.00127397390109887 0.000416387362637354 0.00391969917582409
332.150625 0.000364299039780513 0.00127222633744853 0.000415816186556918 0.00391432235939635
333.0625 0.000363799999999992 0.00127048356164381 0.000415246575342457 0.00390896027397252
333.975625 0.00036330232558142 0.00126874555403565 0.000414678522571847 0.00390361285909739
334.89 0.000362806010928954 0.00126701229508194 0.000414112021857915 0.00389828005464473
335.805625 0.000362311050477482 0.00126528376534786 0.000413547066848559 0.00389296180081847
336.7225 0.00036181743869209 0.00126355994550406 0.000412983651226149 0.00388765803814706
337.640625 0.000361325170068052 0.00126184081632662 0.000412421768707511 0.00388236870748325
338.56 0.000360834239130427 0.00126012635869563 0.00041186141304347 0.00387709374999992
339.480625 0.000360344640434185 0.00125841655359563 0.000411302578018987 0.00387183310719123
340.4025 0.000359856368563678 0.00125671138211379 0.000410745257452566 0.00386658672086713
341.325625 0.000359369418132604 0.00125501082543976 0.000410189445196202 0.00386135453315283
342.25 0.000358883783783808 0.00125331486486495 0.000409635135135163 0.00385613648648675
343.175625 0.000358399460188926 0.00125162348178135 0.000409082321187576 0.00385093252361665
344.1025 0.00035791644204851 0.00124993665768191 0.000408530997304574 0.003845742587601
345.030625 0.000357434724091513 0.00124825437415879 0.000407981157469709 0.00384056662180342
345.96 0.000356954301075293 0.00124657661290331 0.000407432795698952 0.00383540456989273
346.890625 0.000356475167785227 0.00124490335570467 0.00040688590604026 0.00383025637583884
347.8225 0.000355997319034845 0.00124323458445038 0.000406340482573718 0.00382512198391413
348.755625 0.00035552074966532 0.00124157028112447 0.000405796519410969 0.003820001338688
349.69 0.000355045454545478 0.00123991042780757 0.000405254010695215 0.003814894385027
350.625625 0.000354571428571421 0.00123825500667554 0.000404712950600792 0.00380980106809071
351.5625 0.000354098666666659 0.00123660399999997 0.000404173333333325 0.00380472133333325
352.500625 0.000260035952063909 0.000617478695073222 0.000268395472703057 0.00323138548601857
353.44 0.00016622340425533 0 0.000132978723404264 0.00265957446808529
354.380625 0.000166002656042493 0 0.000132802124833995 0.00265604249667989
355.3225 0.000165782493368697 0 0.000132625994694957 0.00265251989389915
356.265625 0.000165562913907281 0 0.000132450331125825 0.0026490066225165
357.21 0.000165343915343927 0 0.000132275132275141 0.00264550264550282
358.155625 0.000165125495376483 0 0.000132100396301186 0.00264200792602372
359.1025 0.000164907651715036 0 0.000131926121372029 0.00263852242744058
360.050625 0.000164690382081683 0 0.000131752305665346 0.00263504611330693
361 0.000164473684210537 0 0.00013157894736843 0.0026315789473686
361.950625 0.000164257555847565 0 0.000131406044678052 0.00262812089356105
362.9025 0.000164041994750653 0 0.000131233595800522 0.00262467191601044
363.855625 0.000163826998689381 0 0.000131061598951504 0.00262123197903009
364.81 0.000163612565445023 0 0.000130890052356018 0.00261780104712036
365.765625 0.000163398692810469 0 0.000130718954248375 0.0026143790849675
366.7225 0.000163185378590075 0 0.00013054830287206 0.0026109660574412
367.680625 0.000162972620599736 0 0.000130378096479789 0.00260756192959577
368.64 0.000162760416666663 0 0.000130208333333331 0.00260416666666661
369.600625 0.0001625487646294 0 0.00013003901170352 0.0026007802340704
370.5625 0.000162337662337659 0 0.000129870129870127 0.00259740259740254
371.525625 0.000162127107652396 0 0.000129701686121917 0.00259403372243834
372.49 0.000161917098445592 0 0.000129533678756474 0.00259067357512948
373.455625 0.00016170763260027 0 0.000129366106080216 0.00258732212160431
374.4225 0.000161498708010332 0 0.000129198966408266 0.00258397932816532
375.390625 0.000161290322580642 0 0.000129032258064513 0.00258064516129027
376.36 0.000161082474226801 0 0.000128865979381441 0.00257731958762881
377.330625 0.000160875160875172 0 0.000128700128700137 0.00257400257400275
378.3025 0.000160668380462722 0 0.000128534704370177 0.00257069408740354
379.275625 0.000160462130937095 0 0.000128369704749676 0.00256739409499353
380.25 0.000160256410256407 0 0.000128205128205125 0.00256410256410251
381.225625 0.000160051216389255 0 0.000128040973111404 0.00256081946222809
382.2025 0.000159846547314575 0 0.00012787723785166 0.00255754475703319
383.180625 0.000159642401021708 0 0.000127713920817366 0.00255427841634733
384.16 0.000159438775510201 0 0.000127551020408161 0.00255102040816321
385.140625 0.00015923566878982 0 0.000127388535031856 0.00254777070063711
386.1225 0.000159033078880404 0 0.000127226463104323 0.00254452926208646
387.105625 0.000158831003811941 0 0.000127064803049553 0.00254129606099105
388.09 0.000158629441624362 0 0.00012690355329949 0.00253807106598979
389.075625 0.00015842839036755 0 0.00012674271229404 0.00253485424588081
390.0625 0.000158227848101277 0 0.000126582278481021 0.00253164556962042
391.050625 0.000158027812895066 0 0.000126422250316053 0.00252844500632106
392.04 0.000157828282828279 0 0.000126262626262624 0.00252525252525247
393.030625 0.000157629255989908 0 0.000126103404791927 0.00252206809583853
394.0225 0.0001574307304786 0 0.00012594458438288 0.0025188916876576
395.015625 0.000157232704402512 0 0.00012578616352201 0.0025157232704402
396.01 0.000157035175879394 0 0.000125628140703515 0.0025125628140703
397.005625 0.000156838143036383 0 0.000125470514429106 0.00250941028858213
398.0025 0.000156641604010036 0 0.000125313283208029 0.00250626566416057
399.000625 0.000156445556946179 0 0.000125156445556944 0.00250312891113887
